5 0.3709150326797386 0.8121936274509803 0.17483660130718956 0.10232843137254902
5 0.45241013071895425 0.5825674019607843 0.1474673202614379 0.07077205882352941
5 0.2632761437908497 0.3831188725490196 0.14991830065359477 0.033394607843137254
5 0.20772058823529413 0.34267769607843135 0.061683006535947715 0.03278186274509804
5 0.2549019607843137 0.4892769607843137 0.056372549019607844 0.07107843137254902
5 0.4746732026143791 0.23820465686274508 0.08006535947712419 0.024816176470588234
5 0.19138071895424838 0.29059436274509803 0.05024509803921569 0.045649509803921566
5 0.05780228758169935 0.3460477941176471 0.06740196078431372 0.0352328431372549
5 0.05841503267973856 0.11795343137254902 0.03431372549019608 0.04595588235294117
5 0.01491013071895425 0.08256740196078431 0.028186274509803922 0.020526960784313725
39 0.463031045751634 0.6375612745098039 0.03308823529411765 0.026348039215686275
39 0.26776960784313725 0.7878370098039216 0.056781045751633986 0.036458333333333336
7 0.19219771241830066 0.37775735294117646 0.00857843137254902 0.006127450980392157
7 0.4383169934640523 0.23958333333333334 0.007352941176470588 0.012254901960784314
20 0.15155228758169936 0.35891544117647056 0.09313725490196079 0.05116421568627451
58 0.09129901960784315 0.2760416666666667 0.1825980392156863 0.10723039215686274
58 0.010416666666666668 0.015625 0.020833333333333336 0.03125
14 0.06964869281045752 0.06755514705882353 0.02900326797385621 0.01991421568627451
33 0.23141339869281047 0.6761642156862745 0.016748366013071895 0.015931372549019607
59 0.3194444444444445 0.8900122549019608 0.01797385620915033 0.02144607843137255
