4 0.5882352941176471 0.4430147058823529 0.24754901960784306 0.1403186274509804
7 0.4906045751633987 0.48253676470588236 0.05555555555555546 0.03860294117647066
38 0.19750816993464052 0.24908088235294118 0.39419934640522875 0.24877450980392157
0 0.2542892156862745 0.44730392156862747 0.03145424836601303 0.0196078431372549
58 0.17973856209150324 0.5087316176470588 0.024509803921568627 0.0168504901960785
5 0.15706699346405226 0.4129901960784313 0.24632352941176466 0.08149509803921569
5 0.031862745098039214 0.3636642156862745 0.06372549019607843 0.03553921568627451
7 0.05330882352941177 0.3733149509803921 0.024101307189542474 0.01991421568627451
5 0.026143790849673203 0.6058517156862744 0.05147058823529412 0.25949754901960775
45 0.0647467320261438 0.6253063725490196 0.06576797385620915 0.14093137254901966
8 0.37745098039215685 0.6308210784313726 0.017156862745097992 0.01286764705882339
27 0.0863970588235294 0.5393688725490196 0.08129084967320259 0.05361519607843137
29 0.03901143790849673 0.15517769607843138 0.07802287581699346 0.047487745098039234
