17 0.8771929824561403 0.09525 0.2445175438596491 0.1905
33 0.8837719298245613 0.281125 0.0581140350877193 0.01825
31 0.7976973684210525 0.26825 0.046052631578947366 0.0245
58 0.5646929824561403 0.29925 0.07236842105263158 0.026000000000000002
27 0.48163377192982454 0.39675 0.06524122807017543 0.01950000000000006
33 0.4775219298245614 0.788875 0.0800438596491228 0.10675
33 0.3421052631578947 0.5755 0.10964912280701754 0.0395
59 0.4350328947368421 0.5221250000000001 0.020285087719298184 0.00625
58 0.4851973684210526 0.525375 0.020833333333333332 0.00475
8 0.2631578947368421 0.37075 0.023026315789473683 0.007
