5 0.6376096491228069 0.470375 0.1699561403508772 0.051750000000000004
5 0.5235745614035088 0.500625 0.1611842105263158 0.03075
7 0.7077850877192982 0.48812500000000003 0.03289473684210526 0.014750000000000001
14 0.4605263157894737 0.45675 0.05482456140350877 0.041
58 0.3418311403508772 0.49725 0.08168859649122806 0.0455
58 0.11019736842105263 0.779375 0.18640350877192982 0.06625
52 0.8081140350877193 0.883 0.06798245614035087 0.0095
58 0.7351973684210525 0.5465 0.043859649122807015 0.019
52 0.39555921052631576 0.716 0.0805921052631579 0.007
57 0.5866228070175439 0.435875 0.1611842105263158 0.05625
0 0.5540021929824561 0.56575 0.021381578947368418 0.011
