5 0.12908496732026145 0.6303643724696356 0.06209150326797386 0.1020242914979757
5 0.5992647058823529 0.5793522267206478 0.05228758169934641 0.09959514170040486
12 0.6568627450980392 0.582995951417004 0.08496732026143791 0.03967611336032389
8 0.5684232026143791 0.6255060728744939 0.011029411764705883 0.010526315789473684
8 0.5067401960784313 0.6277327935222672 0.01184640522875817 0.011740890688259108
7 0.5418709150326797 0.6698380566801619 0.014297385620915034 0.013360323886639675
7 0.5833333333333334 0.6234817813765182 0.02042483660130719 0.012145748987854251
8 0.5006127450980392 0.6222672064777328 0.011029411764705883 0.010526315789473684
49 0.10110294117647059 0.7281376518218623 0.017565359477124183 0.01659919028340081
33 0.8886846405228759 0.5386639676113361 0.22263071895424838 0.11295546558704453
39 0.6211192810457516 0.5336032388663967 0.0363562091503268 0.018623481781376516
58 0.056576797385620915 0.7605263157894736 0.02900326797385621 0.019028340080971658
58 0.016544117647058824 0.7218623481781377 0.030637254901960786 0.005668016194331983
58 0.24040032679738563 0.7188259109311741 0.011029411764705883 0.018218623481781375
29 0.5706699346405228 0.6651821862348178 0.011437908496732027 0.012145748987854251
58 0.36376633986928103 0.7265182186234818 0.011029411764705883 0.011740890688259108
59 0.8978758169934641 0.702834008097166 0.006535947712418301 0.021052631578947368
