49 0.5136846405228759 0.6484375 0.0821078431372549 0.018688725490196078
58 0.5998774509803921 0.7233455882352942 0.02900326797385621 0.00857843137254902
59 0.5122549019607844 0.9797794117647058 0.016339869281045753 0.030637254901960783
59 0.684640522875817 0.8648897058823529 0.02777777777777778 0.02022058823529412
59 0.4199346405228758 0.5879289215686274 0.011437908496732027 0.02389705882352941
59 0.45710784313725494 0.2693014705882353 0.02696078431372549 0.011642156862745098
59 0.7757352941176471 0.33394607843137253 0.03349673202614379 0.0196078431372549
59 0.8839869281045752 0.8299632352941176 0.0196078431372549 0.02144607843137255
59 0.863562091503268 0.7965686274509803 0.01797385620915033 0.031862745098039214
59 0.8986928104575164 0.8167892156862745 0.029411764705882353 0.013480392156862746
59 0.8790849673202614 0.5637254901960784 0.04575163398692811 0.00857843137254902
59 0.7732843137254902 0.4635416666666667 0.02369281045751634 0.02267156862745098
59 0.735702614379085 0.2542892156862745 0.02042483660130719 0.00857843137254902
59 0.8374183006535948 0.08547794117647059 0.026143790849673203 0.00428921568627451
59 0.8864379084967321 0.15042892156862744 0.021241830065359478 0.007965686274509803
59 0.761029411764706 0.08884803921568628 0.008986928104575164 0.00857843137254902
59 0.9697712418300654 0.2512254901960784 0.021241830065359478 0.006127450980392157
59 0.22589869281045752 0.8152573529411764 0.02042483660130719 0.02267156862745098
